201
202
203
205
207
208
209
210
213
214
215
216
218
219
220
224
225
229
231
234
240
248
251
252
253
254
256
260
262
267
269
270
272
276
281
301
302
303
304
305
307
309
312
313
314
315
316
317
318
319
320
321
323
325
330
331
334
336
337
339
346
347
352
360
361
385
386
401
402
404
405
406
407
408
409
410
412
413
414
415
417
419
423
424
425
430
432
434
435
440
442
443
458
469
470
475
478
480
484
501
502
503
504
505
507
508
509
510
512
513
515
516
517
518
520
530
531
539
540
541
551
559
561
562
563
567
570
571
573
574
575
580
585
586
601
602
605
607
608
609
612
614
615
616
617
619
620
623
626
628
629
630
631
636
641
646
650
651
657
660
661
662
667
669
678
681
682
701
702
703
704
706
707
708
714
715
716
717
719
720
724
725
727
731
732
734
737
740
747
754
757
760
762
763
765
769
770
772
773
774
775
779
781
785
786
801
802
803
804
805
806
810
812
813
814
815
816
817
818
828
830
831
832
843
845
847
848
850
856
857
858
859
860
862
863
864
865
872
878
901
903
904
908
909
910
912
913
914
915
916
918
919
920
925
928
929
931
936
937
940
941
949
951
952
954
956
970
971
972
973
978
979
980
984
985
989
