2013083179
2013662359
2013662395
2013713408
2013740858
2013083179
2013083179
2013083179
2013083179
2013083179
2013662359
2013662359
2013662359
2013662359
2013662359
2013662395
2013662395
2013662395
2013662395
2013662395
2013713408
2013713408
2013713408
2013713408
2013713408
2013740858
2013740858
2013740858
2013740858
2013740858
2024951940
2026309876
2026430268
2026430804
2026433621
2024951940
2024951940
2024951940
2024951940
2024951940
2026309876
2026309876
2026309876
2026309876
2026309876
2026430268
2026430268
2026430268
2026430268
2026430268
2026430804
2026430804
2026430804
2026430804
2026430804
2026433621
2026433621
2026433621
2026433621
2026433621
2032087304
2032088309
2032088348
2032088506
2032088905
2032087304
2032087304
2032087304
2032087304
2032087304
2032088309
2032088309
2032088309
2032088309
2032088309
2032088348
2032088348
2032088348
2032088348
2032088348
2032088506
2032088506
2032088506
2032088506
2032088506
2032088905
2032088905
2032088905
2032088905
2032088905
2052596194
2052598187
2052598241
2052598531
2052598821
2052596194
2052596194
2052596194
2052596194
2052596194
2052598187
2052598187
2052598187
2052598187
2052598187
2052598241
2052598241
2052598241
2052598241
2052598241
2052598531
2052598531
2052598531
2052598531
2052598531
2052598821
2052598821
2052598821
2052598821
2052598821
2073701039
2073704195
2073705733
2073708842
2075582353
2073701039
2073701039
2073701039
2073701039
2073701039
2073704195
2073704195
2073704195
2073704195
2073704195
2073705733
2073705733
2073705733
2073705733
2073705733
2073708842
2073708842
2073708842
2073708842
2073708842
2075582353
2075582353
2075582353
2075582353
2075582353
2083520812
2083522656
2083664137
2084172359
2084238207
2083520812
2083520812
2083520812
2083520812
2083520812
2083522656
2083522656
2083522656
2083522656
2083522656
2083664137
2083664137
2083664137
2083664137
2083664137
2084172359
2084172359
2084172359
2084172359
2084172359
2084238207
2084238207
2084238207
2084238207
2084238207
2092503594
2092653139
2092668997
2092831848
2092831902
2092503594
2092503594
2092503594
2092503594
2092503594
2092653139
2092653139
2092653139
2092653139
2092653139
2092668997
2092668997
2092668997
2092668997
2092668997
2092831848
2092831848
2092831848
2092831848
2092831848
2092831902
2092831902
2092831902
2092831902
2092831902
2105046352
2105047429
2105498352
2105708936
2105709357
2105046352
2105046352
2105046352
2105046352
2105046352
2105047429
2105047429
2105047429
2105047429
2105047429
2105498352
2105498352
2105498352
2105498352
2105498352
2105708936
2105708936
2105708936
2105708936
2105708936
2105709357
2105709357
2105709357
2105709357
2105709357
2132827141
2132827196
2132827230
2132827237
2132827250
2132827141
2132827141
2132827141
2132827141
2132827141
2132827196
2132827196
2132827196
2132827196
2132827196
2132827230
2132827230
2132827230
2132827230
2132827230
2132827237
2132827237
2132827237
2132827237
2132827237
2132827250
2132827250
2132827250
2132827250
2132827250
2147029751
2148140790
2149973940
2149973949
2147029751
2147029751
2147029751
2147029751
2147029751
2148140790
2148140790
2148140790
2148140790
2148140790
2149973940
2149973940
2149973940
2149973940
2149973940
2149973949
2149973949
2149973949
2149973949
2149973949
2153269309
2153269422
2153269573
2153269796
2154691440
2153269309
2153269309
2153269309
2153269309
2153269309
2153269422
2153269422
2153269422
2153269422
2153269422
2153269573
2153269573
2153269573
2153269573
2153269573
2153269796
2153269796
2153269796
2153269796
2153269796
2154691440
2154691440
2154691440
2154691440
2154691440
2162363958
2162457394
2162457489
2162457651
2162457657
2162363958
2162363958
2162363958
2162363958
2162363958
2162457394
2162457394
2162457394
2162457394
2162457394
2162457489
2162457489
2162457489
2162457489
2162457489
2162457651
2162457651
2162457651
2162457651
2162457651
2162457657
2162457657
2162457657
2162457657
2162457657
2182342715
2182629531
2182629574
2182629579
2182629586
2182342715
2182342715
2182342715
2182342715
2182342715
2182629531
2182629531
2182629531
2182629531
2182629531
2182629574
2182629574
2182629574
2182629574
2182629574
2182629579
2182629579
2182629579
2182629579
2182629579
2182629586
2182629586
2182629586
2182629586
2182629586
2192094798
2192306125
2192306191
2192309351
2192328195
2192094798
2192094798
2192094798
2192094798
2192094798
2192306125
2192306125
2192306125
2192306125
2192306125
2192306191
2192306191
2192306191
2192306191
2192306191
2192309351
2192309351
2192309351
2192309351
2192309351
2192328195
2192328195
2192328195
2192328195
2192328195
2202010437
2202010448
2202010452
2202010453
2202010454
2202010437
2202010437
2202010437
2202010437
2202010437
2202010448
2202010448
2202010448
2202010448
2202010448
2202010452
2202010452
2202010452
2202010452
2202010452
2202010453
2202010453
2202010453
2202010453
2202010453
2202010454
2202010454
2202010454
2202010454
2202010454
2242085358
2242085381
2242088311
2242088624
2242105809
2242085358
2242085358
2242085358
2242085358
2242085358
2242085381
2242085381
2242085381
2242085381
2242085381
2242088311
2242088311
2242088311
2242088311
2242088311
2242088624
2242088624
2242088624
2242088624
2242088624
2242105809
2242105809
2242105809
2242105809
2242105809
2252835856
2252835863
2252835868
2252835870
2252835871
2252835856
2252835856
2252835856
2252835856
2252835856
2252835863
2252835863
2252835863
2252835863
2252835863
2252835868
2252835868
2252835868
2252835868
2252835868
2252835870
2252835870
2252835870
2252835870
2252835870
2252835871
2252835871
2252835871
2252835871
2252835871
2292311908
2292341470
2292347338
2293291471
2292311908
2292311908
2292311908
2292311908
2292311908
2292341470
2292341470
2292341470
2292341470
2292341470
2292347338
2292347338
2292347338
2292347338
2292347338
2293291471
2293291471
2293291471
2293291471
2293291471
2312246169
2312246429
2312246893
2312423278
2312990599
2312246169
2312246169
2312246169
2312246169
2312246169
2312246429
2312246429
2312246429
2312246429
2312246429
2312246893
2312246893
2312246893
2312246893
2312246893
2312423278
2312423278
2312423278
2312423278
2312423278
2312990599
2312990599
2312990599
2312990599
2312990599
2342006678
2342010119
2342017675
2342019503
2342019506
2342006678
2342006678
2342006678
2342006678
2342006678
2342010119
2342010119
2342010119
2342010119
2342010119
2342017675
2342017675
2342017675
2342017675
2342017675
2342019503
2342019503
2342019503
2342019503
2342019503
2342019506
2342019506
2342019506
2342019506
2342019506
2402307861
2402322826
2402334374
2402410368
2402446074
2402307861
2402307861
2402307861
2402307861
2402307861
2402322826
2402322826
2402322826
2402322826
2402322826
2402334374
2402334374
2402334374
2402334374
2402334374
2402410368
2402410368
2402410368
2402410368
2402410368
2402446074
2402446074
2402446074
2402446074
2402446074
2482660417
2482661047
2482661097
2482665693
2482708134
2482660417
2482660417
2482660417
2482660417
2482660417
2482661047
2482661047
2482661047
2482661047
2482661047
2482661097
2482661097
2482661097
2482661097
2482661097
2482665693
2482665693
2482665693
2482665693
2482665693
2482708134
2482708134
2482708134
2482708134
2482708134
2512027244
2512029758
2512029827
2512161518
2512161606
2512027244
2512027244
2512027244
2512027244
2512027244
2512029758
2512029758
2512029758
2512029758
2512029758
2512029827
2512029827
2512029827
2512029827
2512029827
2512161518
2512161518
2512161518
2512161518
2512161518
2512161606
2512161606
2512161606
2512161606
2512161606
2522204945
2522284612
2522312485
2522312645
2522313059
2522204945
2522204945
2522204945
2522204945
2522204945
2522284612
2522284612
2522284612
2522284612
2522284612
2522312485
2522312485
2522312485
2522312485
2522312485
2522312645
2522312645
2522312645
2522312645
2522312645
2522313059
2522313059
2522313059
2522313059
2522313059
2532376051
2532376146
2532565417
2532376051
2532376051
2532376051
2532376051
2532376051
2532376146
2532376146
2532376146
2532376146
2532376146
2532565417
2532565417
2532565417
2532565417
2532565417
2542185825
2542947486
2543001853
2543008232
2543008314
2542185825
2542185825
2542185825
2542185825
2542185825
2542947486
2542947486
2542947486
2542947486
2542947486
2543001853
2543001853
2543001853
2543001853
2543001853
2543008232
2543008232
2543008232
2543008232
2543008232
2543008314
2543008314
2543008314
2543008314
2543008314
2562036534
2562036541
2562512482
2562721197
2562721198
2562036534
2562036534
2562036534
2562036534
2562036534
2562036541
2562036541
2562036541
2562036541
2562036541
2562512482
2562512482
2562512482
2562512482
2562512482
2562721197
2562721197
2562721197
2562721197
2562721197
2562721198
2562721198
2562721198
2562721198
2562721198
2602253052
2602253099
2602253104
2602253108
2602253112
2602253052
2602253052
2602253052
2602253052
2602253052
2602253099
2602253099
2602253099
2602253099
2602253099
2602253104
2602253104
2602253104
2602253104
2602253104
2602253108
2602253108
2602253108
2602253108
2602253108
2602253112
2602253112
2602253112
2602253112
2602253112
2622074277
2622286097
2622299524
2622350233
2622352618
2622074277
2622074277
2622074277
2622074277
2622074277
2622286097
2622286097
2622286097
2622286097
2622286097
2622299524
2622299524
2622299524
2622299524
2622299524
2622350233
2622350233
2622350233
2622350233
2622350233
2622352618
2622352618
2622352618
2622352618
2622352618
2672093522
2672173568
2672198906
2672235953
2672239113
2672093522
2672093522
2672093522
2672093522
2672093522
2672173568
2672173568
2672173568
2672173568
2672173568
2672198906
2672198906
2672198906
2672198906
2672198906
2672235953
2672235953
2672235953
2672235953
2672235953
2672239113
2672239113
2672239113
2672239113
2672239113
2692053718
2692058854
2692135267
2692135309
2692180162
2692053718
2692053718
2692053718
2692053718
2692053718
2692058854
2692058854
2692058854
2692058854
2692058854
2692135267
2692135267
2692135267
2692135267
2692135267
2692135309
2692135309
2692135309
2692135309
2692135309
2692180162
2692180162
2692180162
2692180162
2692180162
2706812057
2706812763
2706815203
2706815432
2706817567
2706812057
2706812057
2706812057
2706812057
2706812057
2706812763
2706812763
2706812763
2706812763
2706812763
2706815203
2706815203
2706815203
2706815203
2706815203
2706815432
2706815432
2706815432
2706815432
2706815432
2706817567
2706817567
2706817567
2706817567
2706817567
2722683822
2722683838
2722683822
2722683822
2722683822
2722683822
2722683822
2722683838
2722683838
2722683838
2722683838
2722683838
2762005368
2762005967
2762006237
2762006259
2762006647
2762005368
2762005368
2762005368
2762005368
2762005368
2762005967
2762005967
2762005967
2762005967
2762005967
2762006237
2762006237
2762006237
2762006237
2762006237
2762006259
2762006259
2762006259
2762006259
2762006259
2762006647
2762006647
2762006647
2762006647
2762006647
2812064248
2812153140
2812153392
2812153536
2812153714
2812064248
2812064248
2812064248
2812064248
2812064248
2812153140
2812153140
2812153140
2812153140
2812153140
2812153392
2812153392
2812153392
2812153392
2812153392
2812153536
2812153536
2812153536
2812153536
2812153536
2812153714
2812153714
2812153714
2812153714
2812153714
3012848532
3013388048
3014859235
3015399184
3015417399
3012848532
3012848532
3012848532
3012848532
3012848532
3013388048
3013388048
3013388048
3013388048
3013388048
3014859235
3014859235
3014859235
3014859235
3014859235
3015399184
3015399184
3015399184
3015399184
3015399184
3015417399
3015417399
3015417399
3015417399
3015417399
3022176560
3022239345
3022661268
3022730516
3022814239
3022176560
3022176560
3022176560
3022176560
3022176560
3022239345
3022239345
3022239345
3022239345
3022239345
3022661268
3022661268
3022661268
3022661268
3022661268
3022730516
3022730516
3022730516
3022730516
3022730516
3022814239
3022814239
3022814239
3022814239
3022814239
3035788312
3035789286
3035788312
3035788312
3035788312
3035788312
3035788312
3035789286
3035789286
3035789286
3035789286
3035789286
3042498548
3042498572
3042498573
3042509096
3042784463
3042498548
3042498548
3042498548
3042498548
3042498548
3042498572
3042498572
3042498572
3042498572
3042498572
3042498573
3042498573
3042498573
3042498573
3042498573
3042509096
3042509096
3042509096
3042509096
3042509096
3042784463
3042784463
3042784463
3042784463
3042784463
3052049770
3052090466
3052090663
3052091387
3052094693
3052049770
3052049770
3052049770
3052049770
3052049770
3052090466
3052090466
3052090466
3052090466
3052090466
3052090663
3052090663
3052090663
3052090663
3052090663
3052091387
3052091387
3052091387
3052091387
3052091387
3052094693
3052094693
3052094693
3052094693
3052094693
3072009651
3072009665
3072094701
3072139184
3072139996
3072009651
3072009651
3072009651
3072009651
3072009651
3072009665
3072009665
3072009665
3072009665
3072009665
3072094701
3072094701
3072094701
3072094701
3072094701
3072139184
3072139184
3072139184
3072139184
3072139184
3072139996
3072139996
3072139996
3072139996
3072139996
3098635380
3098635380
3098635380
3098635380
3098635380
3098635380
3122911681
3123809246
3125668217
3125668513
3125729925
3122911681
3122911681
3122911681
3122911681
3122911681
3123809246
3123809246
3123809246
3123809246
3123809246
3125668217
3125668217
3125668217
3125668217
3125668217
3125668513
3125668513
3125668513
3125668513
3125668513
3125729925
3125729925
3125729925
3125729925
3125729925
3133120136
3133388944
3134372521
3134388251
3134448426
3133120136
3133120136
3133120136
3133120136
3133120136
3133388944
3133388944
3133388944
3133388944
3133388944
3134372521
3134372521
3134372521
3134372521
3134372521
3134388251
3134388251
3134388251
3134388251
3134388251
3134448426
3134448426
3134448426
3134448426
3134448426
3142005261
3142528336
3142543578
3142669527
3142702485
3142005261
3142005261
3142005261
3142005261
3142005261
3142528336
3142528336
3142528336
3142528336
3142528336
3142543578
3142543578
3142543578
3142543578
3142543578
3142669527
3142669527
3142669527
3142669527
3142669527
3142702485
3142702485
3142702485
3142702485
3142702485
3152171385
3152171440
3152175557
3152213604
3152263312
3152171385
3152171385
3152171385
3152171385
3152171385
3152171440
3152171440
3152171440
3152171440
3152171440
3152175557
3152175557
3152175557
3152175557
3152175557
3152213604
3152213604
3152213604
3152213604
3152213604
3152263312
3152263312
3152263312
3152263312
3152263312
3162859214
3163616179
3163616184
3163616210
3163616213
3162859214
3162859214
3162859214
3162859214
3162859214
3163616179
3163616179
3163616179
3163616179
3163616179
3163616184
3163616184
3163616184
3163616184
3163616184
3163616210
3163616210
3163616210
3163616210
3163616210
3163616213
3163616213
3163616213
3163616213
3163616213
3172072152
3172103904
3172866097
3173449263
3173449758
3172072152
3172072152
3172072152
3172072152
3172072152
3172103904
3172103904
3172103904
3172103904
3172103904
3172866097
3172866097
3172866097
3172866097
3172866097
3173449263
3173449263
3173449263
3173449263
3173449263
3173449758
3173449758
3173449758
3173449758
3173449758
3182156970
3182322674
3182322936
3182618177
3182618393
3182156970
3182156970
3182156970
3182156970
3182156970
3182322674
3182322674
3182322674
3182322674
3182322674
3182322936
3182322936
3182322936
3182322936
3182322936
3182618177
3182618177
3182618177
3182618177
3182618177
3182618393
3182618393
3182618393
3182618393
3182618393
3192143410
3192145136
3192145367
3192145377
3192145539
3192143410
3192143410
3192143410
3192143410
3192143410
3192145136
3192145136
3192145136
3192145136
3192145136
3192145367
3192145367
3192145367
3192145367
3192145367
3192145377
3192145377
3192145377
3192145377
3192145377
3192145539
3192145539
3192145539
3192145539
3192145539
3202009337
3202045924
3202045926
3202045928
3202045931
3202009337
3202009337
3202009337
3202009337
3202009337
3202045924
3202045924
3202045924
3202045924
3202045924
3202045926
3202045926
3202045926
3202045926
3202045926
3202045928
3202045928
3202045928
3202045928
3202045928
3202045931
3202045931
3202045931
3202045931
3202045931
3212090180
3212090679
3212090685
3212091146
3212098025
3212090180
3212090180
3212090180
3212090180
3212090180
3212090679
3212090679
3212090679
3212090679
3212090679
3212090685
3212090685
3212090685
3212090685
3212090685
3212091146
3212091146
3212091146
3212091146
3212091146
3212098025
3212098025
3212098025
3212098025
3212098025
3232859460
3233622324
3234129664
3234519690
3234522360
3232859460
3232859460
3232859460
3232859460
3232859460
3233622324
3233622324
3233622324
3233622324
3233622324
3234129664
3234129664
3234129664
3234129664
3234129664
3234519690
3234519690
3234519690
3234519690
3234519690
3234522360
3234522360
3234522360
3234522360
3234522360
3252610374
3252610402
3252610409
3252610419
3252610422
3252610374
3252610374
3252610374
3252610374
3252610374
3252610402
3252610402
3252610402
3252610402
3252610402
3252610409
3252610409
3252610409
3252610409
3252610409
3252610419
3252610419
3252610419
3252610419
3252610419
3252610422
3252610422
3252610422
3252610422
3252610422
3302744970
3302749116
3302749482
3302749746
3302749776
3302744970
3302744970
3302744970
3302744970
3302744970
3302749116
3302749116
3302749116
3302749116
3302749116
3302749482
3302749482
3302749482
3302749482
3302749482
3302749746
3302749746
3302749746
3302749746
3302749746
3302749776
3302749776
3302749776
3302749776
3302749776
3312074734
3312075378
3312075379
3312075381
3312075397
3312074734
3312074734
3312074734
3312074734
3312074734
3312075378
3312075378
3312075378
3312075378
3312075378
3312075379
3312075379
3312075379
3312075379
3312075379
3312075381
3312075381
3312075381
3312075381
3312075381
3312075397
3312075397
3312075397
3312075397
3312075397
3342190349
3342190806
3342196542
3342234869
3342234890
3342190349
3342190349
3342190349
3342190349
3342190349
3342190806
3342190806
3342190806
3342190806
3342190806
3342196542
3342196542
3342196542
3342196542
3342196542
3342234869
3342234869
3342234869
3342234869
3342234869
3342234890
3342234890
3342234890
3342234890
3342234890
3362836004
3362982697
3362986975
3362988063
3362988227
3362836004
3362836004
3362836004
3362836004
3362836004
3362982697
3362982697
3362982697
3362982697
3362982697
3362986975
3362986975
3362986975
3362986975
3362986975
3362988063
3362988063
3362988063
3362988063
3362988063
3362988227
3362988227
3362988227
3362988227
3362988227
3373132998
3373241872
3373278263
3373278992
3373350476
3373132998
3373132998
3373132998
3373132998
3373132998
3373241872
3373241872
3373241872
3373241872
3373241872
3373278263
3373278263
3373278263
3373278263
3373278263
3373278992
3373278992
3373278992
3373278992
3373278992
3373350476
3373350476
3373350476
3373350476
3373350476
3392009681
3392041645
3392041664
3392349433
3392440348
3392009681
3392009681
3392009681
3392009681
3392009681
3392041645
3392041645
3392041645
3392041645
3392041645
3392041664
3392041664
3392041664
3392041664
3392041664
3392349433
3392349433
3392349433
3392349433
3392349433
3392440348
3392440348
3392440348
3392440348
3392440348
3462024051
3462024728
3462024885
3462025060
3462220157
3462024051
3462024051
3462024051
3462024051
3462024051
3462024728
3462024728
3462024728
3462024728
3462024728
3462024885
3462024885
3462024885
3462024885
3462024885
3462025060
3462025060
3462025060
3462025060
3462025060
3462220157
3462220157
3462220157
3462220157
3462220157
3474504732
3474608767
3474609617
3474709880
3474710581
3474504732
3474504732
3474504732
3474504732
3474504732
3474608767
3474608767
3474608767
3474608767
3474608767
3474609617
3474609617
3474609617
3474609617
3474609617
3474709880
3474709880
3474709880
3474709880
3474709880
3474710581
3474710581
3474710581
3474710581
3474710581
3523258482
3523401152
3523403589
3523543384
3523568428
3523258482
3523258482
3523258482
3523258482
3523258482
3523401152
3523401152
3523401152
3523401152
3523401152
3523403589
3523403589
3523403589
3523403589
3523403589
3523543384
3523543384
3523543384
3523543384
3523543384
3523568428
3523568428
3523568428
3523568428
3523568428
3603620398
3604996266
3604996436
3606021283
3603620398
3603620398
3603620398
3603620398
3603620398
3604996266
3604996266
3604996266
3604996266
3604996266
3604996436
3604996436
3604996436
3604996436
3604996436
3606021283
3606021283
3606021283
3606021283
3606021283
3612107342
3612362196
3612365682
3612380547
3612380619
3612107342
3612107342
3612107342
3612107342
3612107342
3612362196
3612362196
3612362196
3612362196
3612362196
3612365682
3612365682
3612365682
3612365682
3612365682
3612380547
3612380547
3612380547
3612380547
3612380547
3612380619
3612380619
3612380619
3612380619
3612380619
3852000245
3852000729
3852001247
3852001383
3852001540
3852000245
3852000245
3852000245
3852000245
3852000245
3852000729
3852000729
3852000729
3852000729
3852000729
3852001247
3852001247
3852001247
3852001247
3852001247
3852001383
3852001383
3852001383
3852001383
3852001383
3852001540
3852001540
3852001540
3852001540
3852001540
3862222598
3862276071
3862277255
3862328004
3862432714
3862222598
3862222598
3862222598
3862222598
3862222598
3862276071
3862276071
3862276071
3862276071
3862276071
3862277255
3862277255
3862277255
3862277255
3862277255
3862328004
3862328004
3862328004
3862328004
3862328004
3862432714
3862432714
3862432714
3862432714
3862432714
4012165454
4012179237
4012179566
4012277098
4012277361
4012165454
4012165454
4012165454
4012165454
4012165454
4012179237
4012179237
4012179237
4012179237
4012179237
4012179566
4012179566
4012179566
4012179566
4012179566
4012277098
4012277098
4012277098
4012277098
4012277098
4012277361
4012277361
4012277361
4012277361
4012277361
4022356066
4022813256
4022813498
4023183557
4023183561
4022356066
4022356066
4022356066
4022356066
4022356066
4022813256
4022813256
4022813256
4022813256
4022813256
4022813498
4022813498
4022813498
4022813498
4022813498
4023183557
4023183557
4023183557
4023183557
4023183557
4023183561
4023183561
4023183561
4023183561
4023183561
4045942918
4045943135
4045943289
4045944728
4046185591
4045942918
4045942918
4045942918
4045942918
4045942918
4045943135
4045943135
4045943135
4045943135
4045943135
4045943289
4045943289
4045943289
4045943289
4045943289
4045944728
4045944728
4045944728
4045944728
4045944728
4046185591
4046185591
4046185591
4046185591
4046185591
4052520518
4052564786
4052568101
4052568240
4052568470
4052520518
4052520518
4052520518
4052520518
4052520518
4052564786
4052564786
4052564786
4052564786
4052564786
4052568101
4052568101
4052568101
4052568101
4052568101
4052568240
4052568240
4052568240
4052568240
4052568240
4052568470
4052568470
4052568470
4052568470
4052568470
4062197686
4062722281
4062851082
4062858528
4062858529
4062197686
4062197686
4062197686
4062197686
4062197686
4062722281
4062722281
4062722281
4062722281
4062722281
4062851082
4062851082
4062851082
4062851082
4062851082
4062858528
4062858528
4062858528
4062858528
4062858528
4062858529
4062858529
4062858529
4062858529
4062858529
4072058134
4073497577
4074765076
4074765370
4074765409
4072058134
4072058134
4072058134
4072058134
4072058134
4073497577
4073497577
4073497577
4073497577
4073497577
4074765076
4074765076
4074765076
4074765076
4074765076
4074765370
4074765370
4074765370
4074765370
4074765370
4074765409
4074765409
4074765409
4074765409
4074765409
4084303487
4084303842
4084307518
4084716746
4084716973
4084303487
4084303487
4084303487
4084303487
4084303487
4084303842
4084303842
4084303842
4084303842
4084303842
4084307518
4084307518
4084307518
4084307518
4084307518
4084716746
4084716746
4084716746
4084716746
4084716746
4084716973
4084716973
4084716973
4084716973
4084716973
4092097834
4092099636
4092099694
4092099715
4092099730
4092097834
4092097834
4092097834
4092097834
4092097834
4092099636
4092099636
4092099636
4092099636
4092099636
4092099694
4092099694
4092099694
4092099694
4092099694
4092099715
4092099715
4092099715
4092099715
4092099715
4092099730
4092099730
4092099730
4092099730
4092099730
4105382809
4105416206
4105416673
4105416708
4106183663
4105382809
4105382809
4105382809
4105382809
4105382809
4105416206
4105416206
4105416206
4105416206
4105416206
4105416673
4105416673
4105416673
4105416673
4105416673
4105416708
4105416708
4105416708
4105416708
4105416708
4106183663
4106183663
4106183663
4106183663
4106183663
4122047252
4122065066
4122066185
4122069420
4122128720
4122047252
4122047252
4122047252
4122047252
4122047252
4122065066
4122065066
4122065066
4122065066
4122065066
4122066185
4122066185
4122066185
4122066185
4122066185
4122069420
4122069420
4122069420
4122069420
4122069420
4122128720
4122128720
4122128720
4122128720
4122128720
4132248053
4132248116
4132248232
4132248347
4132251481
4132248053
4132248053
4132248053
4132248053
4132248053
4132248116
4132248116
4132248116
4132248116
4132248116
4132248232
4132248232
4132248232
4132248232
4132248232
4132248347
4132248347
4132248347
4132248347
4132248347
4132251481
4132251481
4132251481
4132251481
4132251481
4142078672
4142163395
4142163494
4142163558
4143677537
4142078672
4142078672
4142078672
4142078672
4142078672
4142163395
4142163395
4142163395
4142163395
4142163395
4142163494
4142163494
4142163494
4142163494
4142163494
4142163558
4142163558
4142163558
4142163558
4142163558
4143677537
4143677537
4143677537
4143677537
4143677537
4152750841
4152750930
4152750951
4152751358
4152751563
4152750841
4152750841
4152750841
4152750841
4152750841
4152750930
4152750930
4152750930
4152750930
4152750930
4152750951
4152750951
4152750951
4152750951
4152750951
4152751358
4152751358
4152751358
4152751358
4152751358
4152751563
4152751563
4152751563
4152751563
4152751563
4172320738
4172331015
4172331078
4172331241
4172335451
4172320738
4172320738
4172320738
4172320738
4172320738
4172331015
4172331015
4172331015
4172331015
4172331015
4172331078
4172331078
4172331078
4172331078
4172331078
4172331241
4172331241
4172331241
4172331241
4172331241
4172335451
4172335451
4172335451
4172335451
4172335451
4192856173
4193182041
4193594186
4193594304
4193594305
4192856173
4192856173
4192856173
4192856173
4192856173
4193182041
4193182041
4193182041
4193182041
4193182041
4193594186
4193594186
4193594186
4193594186
4193594186
4193594304
4193594304
4193594304
4193594304
4193594304
4193594305
4193594305
4193594305
4193594305
4193594305
4232182037
4232182059
4232189523
4232189698
4232718999
4232182037
4232182037
4232182037
4232182037
4232182037
4232182059
4232182059
4232182059
4232182059
4232182059
4232189523
4232189523
4232189523
4232189523
4232189523
4232189698
4232189698
4232189698
4232189698
4232189698
4232718999
4232718999
4232718999
4232718999
4232718999
4242262109
4242262930
4242266721
4242266834
4242268734
4242262109
4242262109
4242262109
4242262109
4242262109
4242262930
4242262930
4242262930
4242262930
4242262930
4242266721
4242266721
4242266721
4242266721
4242266721
4242266834
4242266834
4242266834
4242266834
4242266834
4242268734
4242268734
4242268734
4242268734
4242268734
4253123983
4254099369
4259545769
4259547315
4253123983
4253123983
4253123983
4253123983
4253123983
4254099369
4254099369
4254099369
4254099369
4254099369
4259545769
4259545769
4259545769
4259545769
4259545769
4259547315
4259547315
4259547315
4259547315
4259547315
4302014566
4302015023
4302015025
4302015027
4302015028
4302014566
4302014566
4302014566
4302014566
4302014566
4302015023
4302015023
4302015023
4302015023
4302015023
4302015025
4302015025
4302015025
4302015025
4302015025
4302015027
4302015027
4302015027
4302015027
4302015027
4302015028
4302015028
4302015028
4302015028
4302015028
4322170950
4322351697
4322427083
4322427137
4322427138
4322170950
4322170950
4322170950
4322170950
4322170950
4322351697
4322351697
4322351697
4322351697
4322351697
4322427083
4322427083
4322427083
4322427083
4322427083
4322427137
4322427137
4322427137
4322427137
4322427137
4322427138
4322427138
4322427138
4322427138
4322427138
4342072026
4342072840
4342140366
4342140642
4342140844
4342072026
4342072026
4342072026
4342072026
4342072026
4342072840
4342072840
4342072840
4342072840
4342072840
4342140366
4342140366
4342140366
4342140366
4342140366
4342140642
4342140642
4342140642
4342140642
4342140642
4342140844
4342140844
4342140844
4342140844
4342140844
4352003314
4352005831
4352435837
4352437267
4352482372
4352003314
4352003314
4352003314
4352003314
4352003314
4352005831
4352005831
4352005831
4352005831
4352005831
4352435837
4352435837
4352435837
4352435837
4352435837
4352437267
4352437267
4352437267
4352437267
4352437267
4352482372
4352482372
4352482372
4352482372
4352482372
4402029115
4402539167
4402760990
4402969603
4402998143
4402029115
4402029115
4402029115
4402029115
4402029115
4402539167
4402539167
4402539167
4402539167
4402539167
4402760990
4402760990
4402760990
4402760990
4402760990
4402969603
4402969603
4402969603
4402969603
4402969603
4402998143
4402998143
4402998143
4402998143
4402998143
4422221528
4422228456
4422275468
4422275479
4422275481
4422221528
4422221528
4422221528
4422221528
4422221528
4422228456
4422228456
4422228456
4422228456
4422228456
4422275468
4422275468
4422275468
4422275468
4422275468
4422275479
4422275479
4422275479
4422275479
4422275479
4422275481
4422275481
4422275481
4422275481
4422275481
4432039920
4432039937
4432128244
4432169843
4432197783
4432039920
4432039920
4432039920
4432039920
4432039920
4432039937
4432039937
4432039937
4432039937
4432039937
4432128244
4432128244
4432128244
4432128244
4432128244
4432169843
4432169843
4432169843
4432169843
4432169843
4432197783
4432197783
4432197783
4432197783
4432197783
4582020859
4582026708
4582029233
4582029256
4582029257
4582020859
4582020859
4582020859
4582020859
4582020859
4582026708
4582026708
4582026708
4582026708
4582026708
4582029233
4582029233
4582029233
4582029233
4582029233
4582029256
4582029256
4582029256
4582029256
4582029256
4582029257
4582029257
4582029257
4582029257
4582029257
4692247204
4692247428
4692690539
4692692978
4692838158
4692247204
4692247204
4692247204
4692247204
4692247204
4692247428
4692247428
4692247428
4692247428
4692247428
4692690539
4692690539
4692690539
4692690539
4692690539
4692692978
4692692978
4692692978
4692692978
4692692978
4692838158
4692838158
4692838158
4692838158
4692838158
4702036629
4702065751
4702071558
4702071613
4702072718
4702036629
4702036629
4702036629
4702036629
4702036629
4702065751
4702065751
4702065751
4702065751
4702065751
4702071558
4702071558
4702071558
4702071558
4702071558
4702071613
4702071613
4702071613
4702071613
4702071613
4702072718
4702072718
4702072718
4702072718
4702072718
4752083733
4752092330
4752092334
4752092338
4752092340
4752083733
4752083733
4752083733
4752083733
4752083733
4752092330
4752092330
4752092330
4752092330
4752092330
4752092334
4752092334
4752092334
4752092334
4752092334
4752092338
4752092338
4752092338
4752092338
4752092338
4752092340
4752092340
4752092340
4752092340
4752092340
4782167228
4782167721
4782168195
4782168763
4782272693
4782167228
4782167228
4782167228
4782167228
4782167228
4782167721
4782167721
4782167721
4782167721
4782167721
4782168195
4782168195
4782168195
4782168195
4782168195
4782168763
4782168763
4782168763
4782168763
4782168763
4782272693
4782272693
4782272693
4782272693
4782272693
4802691503
4802691590
4802692837
4802694873
4802695394
4802691503
4802691503
4802691503
4802691503
4802691503
4802691590
4802691590
4802691590
4802691590
4802691590
4802692837
4802692837
4802692837
4802692837
4802692837
4802694873
4802694873
4802694873
4802694873
4802694873
4802695394
4802695394
4802695394
4802695394
4802695394
4842020873
4842023687
4842023878
4842065915
4842068151
4842020873
4842020873
4842020873
4842020873
4842020873
4842023687
4842023687
4842023687
4842023687
4842023687
4842023878
4842023878
4842023878
4842023878
4842023878
4842065915
4842065915
4842065915
4842065915
4842065915
4842068151
4842068151
4842068151
4842068151
4842068151
5014369480
5014369614
5014389560
5014389583
5014389705
5014369480
5014369480
5014369480
5014369480
5014369480
5014369614
5014369614
5014369614
5014369614
5014369614
5014389560
5014389560
5014389560
5014389560
5014389560
5014389583
5014389583
5014389583
5014389583
5014389583
5014389705
5014389705
5014389705
5014389705
5014389705
5022088999
5022098179
5022099439
5022099746
5022099753
5022088999
5022088999
5022088999
5022088999
5022088999
5022098179
5022098179
5022098179
5022098179
5022098179
5022099439
5022099439
5022099439
5022099439
5022099439
5022099746
5022099746
5022099746
5022099746
5022099746
5022099753
5022099753
5022099753
5022099753
5022099753
5033088486
5033893109
5033895436
5033954520
5033958687
5033088486
5033088486
5033088486
5033088486
5033088486
5033893109
5033893109
5033893109
5033893109
5033893109
5033895436
5033895436
5033895436
5033895436
5033895436
5033954520
5033954520
5033954520
5033954520
5033954520
5033958687
5033958687
5033958687
5033958687
5033958687
5042989030
5043211966
5043235648
5043551680
5044080904
5042989030
5042989030
5042989030
5042989030
5042989030
5043211966
5043211966
5043211966
5043211966
5043211966
5043235648
5043235648
5043235648
5043235648
5043235648
5043551680
5043551680
5043551680
5043551680
5043551680
5044080904
5044080904
5044080904
5044080904
5044080904
5052166510
5052570683
5052891081
5053360550
5053696324
5052166510
5052166510
5052166510
5052166510
5052166510
5052570683
5052570683
5052570683
5052570683
5052570683
5052891081
5052891081
5052891081
5052891081
5052891081
5053360550
5053360550
5053360550
5053360550
5053360550
5053696324
5053696324
5053696324
5053696324
5053696324
5072000544
5072019522
5072053982
5072165532
5072167137
5072000544
5072000544
5072000544
5072000544
5072000544
5072019522
5072019522
5072019522
5072019522
5072019522
5072053982
5072053982
5072053982
5072053982
5072053982
5072165532
5072165532
5072165532
5072165532
5072165532
5072167137
5072167137
5072167137
5072167137
5072167137
5082031080
5082059204
5082160798
5082332188
5082333260
5082031080
5082031080
5082031080
5082031080
5082031080
5082059204
5082059204
5082059204
5082059204
5082059204
5082160798
5082160798
5082160798
5082160798
5082160798
5082332188
5082332188
5082332188
5082332188
5082332188
5082333260
5082333260
5082333260
5082333260
5082333260
5095930170
5095930170
5095930170
5095930170
5095930170
5095930170
5102555327
5102555863
5102556021
5102793346
5103945189
5102555327
5102555327
5102555327
5102555327
5102555327
5102555863
5102555863
5102555863
5102555863
5102555863
5102556021
5102556021
5102556021
5102556021
5102556021
5102793346
5102793346
5102793346
5102793346
5102793346
5103945189
5103945189
5103945189
5103945189
5103945189
5122656335
5122773479
5123095132
5123871827
5123871834
5122656335
5122656335
5122656335
5122656335
5122656335
5122773479
5122773479
5122773479
5122773479
5122773479
5123095132
5123095132
5123095132
5123095132
5123095132
5123871827
5123871827
5123871827
5123871827
5123871827
5123871834
5123871834
5123871834
5123871834
5123871834
5132018841
5132026885
5132049849
5132686847
5132783126
5132018841
5132018841
5132018841
5132018841
5132018841
5132026885
5132026885
5132026885
5132026885
5132026885
5132049849
5132049849
5132049849
5132049849
5132049849
5132686847
5132686847
5132686847
5132686847
5132686847
5132783126
5132783126
5132783126
5132783126
5132783126
5152070235
5152070238
5152164088
5152189072
5152576127
5152070235
5152070235
5152070235
5152070235
5152070235
5152070238
5152070238
5152070238
5152070238
5152070238
5152164088
5152164088
5152164088
5152164088
5152164088
5152189072
5152189072
5152189072
5152189072
5152189072
5152576127
5152576127
5152576127
5152576127
5152576127
5163086168
5163210854
5163311395
5163311674
5163400094
5163086168
5163086168
5163086168
5163086168
5163086168
5163210854
5163210854
5163210854
5163210854
5163210854
5163311395
5163311395
5163311395
5163311395
5163311395
5163311674
5163311674
5163311674
5163311674
5163311674
5163400094
5163400094
5163400094
5163400094
5163400094
5172580249
5172581239
5172581294
5172581329
5172581459
5172580249
5172580249
5172580249
5172580249
5172580249
5172581239
5172581239
5172581239
5172581239
5172581239
5172581294
5172581294
5172581294
5172581294
5172581294
5172581329
5172581329
5172581329
5172581329
5172581329
5172581459
5172581459
5172581459
5172581459
5172581459
5182172755
5182175592
5182178756
5182186693
5182413464
5182172755
5182172755
5182172755
5182172755
5182172755
5182175592
5182175592
5182175592
5182175592
5182175592
5182178756
5182178756
5182178756
5182178756
5182178756
5182186693
5182186693
5182186693
5182186693
5182186693
5182413464
5182413464
5182413464
5182413464
5182413464
5202229675
5202611536
5202612776
5202613850
5202617284
5202229675
5202229675
5202229675
5202229675
5202229675
5202611536
5202611536
5202611536
5202611536
5202611536
5202612776
5202612776
5202612776
5202612776
5202612776
5202613850
5202613850
5202613850
5202613850
5202613850
5202617284
5202617284
5202617284
5202617284
5202617284
5302356123
5302385543
5302385569
5302385861
5302554364
5302356123
5302356123
5302356123
5302356123
5302356123
5302385543
5302385543
5302385543
5302385543
5302385543
5302385569
5302385569
5302385569
5302385569
5302385569
5302385861
5302385861
5302385861
5302385861
5302385861
5302554364
5302554364
5302554364
5302554364
5302554364
5313332350
5313332446
5313332544
5313333063
5313333068
5313332350
5313332350
5313332350
5313332350
5313332350
5313332446
5313332446
5313332446
5313332446
5313332446
5313332544
5313332544
5313332544
5313332544
5313332544
5313333063
5313333063
5313333063
5313333063
5313333063
5313333068
5313333068
5313333068
5313333068
5313333068
5393028531
5393028542
5393028547
5393028548
5393028552
5393028531
5393028531
5393028531
5393028531
5393028531
5393028542
5393028542
5393028542
5393028542
5393028542
5393028547
5393028547
5393028547
5393028547
5393028547
5393028548
5393028548
5393028548
5393028548
5393028548
5393028552
5393028552
5393028552
5393028552
5393028552
5402160213
5402270854
5402274352
5402540438
5402540678
5402160213
5402160213
5402160213
5402160213
5402160213
5402270854
5402270854
5402270854
5402270854
5402270854
5402274352
5402274352
5402274352
5402274352
5402274352
5402540438
5402540438
5402540438
5402540438
5402540438
5402540678
5402540678
5402540678
5402540678
5402540678
5412030345
5412030468
5412030488
5412033376
5412362133
5412030345
5412030345
5412030345
5412030345
5412030345
5412030468
5412030468
5412030468
5412030468
5412030468
5412030488
5412030488
5412030488
5412030488
5412030488
5412033376
5412033376
5412033376
5412033376
5412033376
5412362133
5412362133
5412362133
5412362133
5412362133
5512277163
5512363152
5512363156
5512363157
5512363158
5512277163
5512277163
5512277163
5512277163
5512277163
5512363152
5512363152
5512363152
5512363152
5512363152
5512363156
5512363156
5512363156
5512363156
5512363156
5512363157
5512363157
5512363157
5512363157
5512363157
5512363158
5512363158
5512363158
5512363158
5512363158
5592426269
5592962074
5592968497
5593254654
5593323528
5592426269
5592426269
5592426269
5592426269
5592426269
5592962074
5592962074
5592962074
5592962074
5592962074
5592968497
5592968497
5592968497
5592968497
5592968497
5593254654
5593254654
5593254654
5593254654
5593254654
5593323528
5593323528
5593323528
5593323528
5593323528
5612030873
5612064804
5612064823
5612474409
5612475041
5612030873
5612030873
5612030873
5612030873
5612030873
5612064804
5612064804
5612064804
5612064804
5612064804
5612064823
5612064823
5612064823
5612064823
5612064823
5612474409
5612474409
5612474409
5612474409
5612474409
5612475041
5612475041
5612475041
5612475041
5612475041
5622658896
5622679392
5622817411
5622857099
5622874503
5622658896
5622658896
5622658896
5622658896
5622658896
5622679392
5622679392
5622679392
5622679392
5622679392
5622817411
5622817411
5622817411
5622817411
5622817411
5622857099
5622857099
5622857099
5622857099
5622857099
5622874503
5622874503
5622874503
5622874503
5622874503
5632238326
5632415871
5632650889
5632651077
5632651401
5632238326
5632238326
5632238326
5632238326
5632238326
5632415871
5632415871
5632415871
5632415871
5632415871
5632650889
5632650889
5632650889
5632650889
5632650889
5632651077
5632651077
5632651077
5632651077
5632651077
5632651401
5632651401
5632651401
5632651401
5632651401
5672080275
5672080281
5672080295
5672080304
5672080305
5672080275
5672080275
5672080275
5672080275
5672080275
5672080281
5672080281
5672080281
5672080281
5672080281
5672080295
5672080295
5672080295
5672080295
5672080295
5672080304
5672080304
5672080304
5672080304
5672080304
5672080305
5672080305
5672080305
5672080305
5672080305
5702304815
5702585682
5702818158
5702854868
5702854962
5702304815
5702304815
5702304815
5702304815
5702304815
5702585682
5702585682
5702585682
5702585682
5702585682
5702818158
5702818158
5702818158
5702818158
5702818158
5702854868
5702854868
5702854868
5702854868
5702854868
5702854962
5702854962
5702854962
5702854962
5702854962
5712075162
5712076487
5712100556
5712100819
5712105359
5712075162
5712075162
5712075162
5712075162
5712075162
5712076487
5712076487
5712076487
5712076487
5712076487
5712100556
5712100556
5712100556
5712100556
5712100556
5712100819
5712100819
5712100819
5712100819
5712100819
5712105359
5712105359
5712105359
5712105359
5712105359
5732069060
5732069270
5732136288
5732272089
5732278494
5732069060
5732069060
5732069060
5732069060
5732069060
5732069270
5732069270
5732069270
5732069270
5732069270
5732136288
5732136288
5732136288
5732136288
5732136288
5732272089
5732272089
5732272089
5732272089
5732272089
5732278494
5732278494
5732278494
5732278494
5732278494
5743180427
5743553793
5743553829
5743553840
5743553841
5743180427
5743180427
5743180427
5743180427
5743180427
5743553793
5743553793
5743553793
5743553793
5743553793
5743553829
5743553829
5743553829
5743553829
5743553829
5743553840
5743553840
5743553840
5743553840
5743553840
5743553841
5743553841
5743553841
5743553841
5743553841
5752013119
5752013261
5752084225
5752084827
5752086574
5752013119
5752013119
5752013119
5752013119
5752013119
5752013261
5752013261
5752013261
5752013261
5752013261
5752084225
5752084225
5752084225
5752084225
5752084225
5752084827
5752084827
5752084827
5752084827
5752084827
5752086574
5752086574
5752086574
5752086574
5752086574
5807499378
5807499378
5807499378
5807499378
5807499378
5807499378
5852040378
5852109404
5852364419
5852364420
5852364425
5852040378
5852040378
5852040378
5852040378
5852040378
5852109404
5852109404
5852109404
5852109404
5852109404
5852364419
5852364419
5852364419
5852364419
5852364419
5852364420
5852364420
5852364420
5852364420
5852364420
5852364425
5852364425
5852364425
5852364425
5852364425
5862172690
5862325409
5862448105
5862448298
5862448657
5862172690
5862172690
5862172690
5862172690
5862172690
5862325409
5862325409
5862325409
5862325409
5862325409
5862448105
5862448105
5862448105
5862448105
5862448105
5862448298
5862448298
5862448298
5862448298
5862448298
5862448657
5862448657
5862448657
5862448657
5862448657
6012553729
6012651695
6012728264
6012743598
6012743750
6012553729
6012553729
6012553729
6012553729
6012553729
6012651695
6012651695
6012651695
6012651695
6012651695
6012728264
6012728264
6012728264
6012728264
6012728264
6012743598
6012743598
6012743598
6012743598
6012743598
6012743750
6012743750
6012743750
6012743750
6012743750
6025294902
6026884625
6027262134
6027300238
6027300603
6025294902
6025294902
6025294902
6025294902
6025294902
6026884625
6026884625
6026884625
6026884625
6026884625
6027262134
6027262134
6027262134
6027262134
6027262134
6027300238
6027300238
6027300238
6027300238
6027300238
6027300603
6027300603
6027300603
6027300603
6027300603
6052231083
6052231129
6052231708
6052694739
6052698465
6052231083
6052231083
6052231083
6052231083
6052231083
6052231129
6052231129
6052231129
6052231129
6052231129
6052231708
6052231708
6052231708
6052231708
6052231708
6052694739
6052694739
6052694739
6052694739
6052694739
6052698465
6052698465
6052698465
6052698465
6052698465
6072697249
6072882716
6072883527
6073011801
6073011806
6072697249
6072697249
6072697249
6072697249
6072697249
6072882716
6072882716
6072882716
6072882716
6072882716
6072883527
6072883527
6072883527
6072883527
6072883527
6073011801
6073011801
6073011801
6073011801
6073011801
6073011806
6073011806
6073011806
6073011806
6073011806
6082184069
6082848576
6083015296
6083054774
6083134298
6082184069
6082184069
6082184069
6082184069
6082184069
6082848576
6082848576
6082848576
6082848576
6082848576
6083015296
6083015296
6083015296
6083015296
6083015296
6083054774
6083054774
6083054774
6083054774
6083054774
6083134298
6083134298
6083134298
6083134298
6083134298
6092005111
6092853284
6092853650
6092977005
6092977442
6092005111
6092005111
6092005111
6092005111
6092005111
6092853284
6092853284
6092853284
6092853284
6092853284
6092853650
6092853650
6092853650
6092853650
6092853650
6092977005
6092977005
6092977005
6092977005
6092977005
6092977442
6092977442
6092977442
6092977442
6092977442
6122082386
6122082561
6122082737
6122083190
6122083273
6122082386
6122082386
6122082386
6122082386
6122082386
6122082561
6122082561
6122082561
6122082561
6122082561
6122082737
6122082737
6122082737
6122082737
6122082737
6122083190
6122083190
6122083190
6122083190
6122083190
6122083273
6122083273
6122083273
6122083273
6122083273
6143491183
6143491243
6143491454
6143491537
6143491726
6143491183
6143491183
6143491183
6143491183
6143491183
6143491243
6143491243
6143491243
6143491243
6143491243
6143491454
6143491454
6143491454
6143491454
6143491454
6143491537
6143491537
6143491537
6143491537
6143491537
6143491726
6143491726
6143491726
6143491726
6143491726
6152007190
6152129260
6152129671
6152129874
6152199522
6152007190
6152007190
6152007190
6152007190
6152007190
6152129260
6152129260
6152129260
6152129260
6152129260
6152129671
6152129671
6152129671
6152129671
6152129671
6152129874
6152129874
6152129874
6152129874
6152129874
6152199522
6152199522
6152199522
6152199522
6152199522
6162022173
6162098239
6162099556
6162190553
6162290739
6162022173
6162022173
6162022173
6162022173
6162022173
6162098239
6162098239
6162098239
6162098239
6162098239
6162099556
6162099556
6162099556
6162099556
6162099556
6162190553
6162190553
6162190553
6162190553
6162190553
6162290739
6162290739
6162290739
6162290739
6162290739
6172864253
6172864615
6172864754
6172977695
6172991062
6172864253
6172864253
6172864253
6172864253
6172864253
6172864615
6172864615
6172864615
6172864615
6172864615
6172864754
6172864754
6172864754
6172864754
6172864754
6172977695
6172977695
6172977695
6172977695
6172977695
6172991062
6172991062
6172991062
6172991062
6172991062
6193243563
6193249263
6193249645
6193249651
6193249894
6193243563
6193243563
6193243563
6193243563
6193243563
6193249263
6193249263
6193249263
6193249263
6193249263
6193249645
6193249645
6193249645
6193249645
6193249645
6193249651
6193249651
6193249651
6193249651
6193249651
6193249894
6193249894
6193249894
6193249894
6193249894
6202220774
6203220157
6203220165
6203220167
6203220173
6202220774
6202220774
6202220774
6202220774
6202220774
6203220157
6203220157
6203220157
6203220157
6203220157
6203220165
6203220165
6203220165
6203220165
6203220165
6203220167
6203220167
6203220167
6203220167
6203220167
6203220173
6203220173
6203220173
6203220173
6203220173
6232520833
6232521903
6232529626
6232821320
6232822363
6232520833
6232520833
6232520833
6232520833
6232520833
6232521903
6232521903
6232521903
6232521903
6232521903
6232529626
6232529626
6232529626
6232529626
6232529626
6232821320
6232821320
6232821320
6232821320
6232821320
6232822363
6232822363
6232822363
6232822363
6232822363
6262148772
6262253629
6263440839
6263857798
6263863093
6262148772
6262148772
6262148772
6262148772
6262148772
6262253629
6262253629
6262253629
6262253629
6262253629
6263440839
6263440839
6263440839
6263440839
6263440839
6263857798
6263857798
6263857798
6263857798
6263857798
6263863093
6263863093
6263863093
6263863093
6263863093
6282252451
6282252452
6282252453
6282252454
6282252456
6282252451
6282252451
6282252451
6282252451
6282252451
6282252452
6282252452
6282252452
6282252452
6282252452
6282252453
6282252453
6282252453
6282252453
6282252453
6282252454
6282252454
6282252454
6282252454
6282252454
6282252456
6282252456
6282252456
6282252456
6282252456
6297775748
6297775769
6297775788
6297775841
6297775861
6297775748
6297775748
6297775748
6297775748
6297775748
6297775769
6297775769
6297775769
6297775769
6297775769
6297775788
6297775788
6297775788
6297775788
6297775788
6297775841
6297775841
6297775841
6297775841
6297775841
6297775861
6297775861
6297775861
6297775861
6297775861
6302869670
6302964241
6302967034
6302967328
6302967560
6302869670
6302869670
6302869670
6302869670
6302869670
6302964241
6302964241
6302964241
6302964241
6302964241
6302967034
6302967034
6302967034
6302967034
6302967034
6302967328
6302967328
6302967328
6302967328
6302967328
6302967560
6302967560
6302967560
6302967560
6302967560
6312097120
6312106219
6312131484
6312139018
6312139505
6312097120
6312097120
6312097120
6312097120
6312097120
6312106219
6312106219
6312106219
6312106219
6312106219
6312131484
6312131484
6312131484
6312131484
6312131484
6312139018
6312139018
6312139018
6312139018
6312139018
6312139505
6312139505
6312139505
6312139505
6312139505
6362315468
6362315475
6362315481
6362315485
6362315486
6362315468
6362315468
6362315468
6362315468
6362315468
6362315475
6362315475
6362315475
6362315475
6362315475
6362315481
6362315481
6362315481
6362315481
6362315481
6362315485
6362315485
6362315485
6362315485
6362315485
6362315486
6362315486
6362315486
6362315486
6362315486
6417159103
6417159103
6417159103
6417159103
6417159103
6417159103
6464508392
6464508719
6464508784
6464704121
6464706817
6464508392
6464508392
6464508392
6464508392
6464508392
6464508719
6464508719
6464508719
6464508719
6464508719
6464508784
6464508784
6464508784
6464508784
6464508784
6464704121
6464704121
6464704121
6464704121
6464704121
6464706817
6464706817
6464706817
6464706817
6464706817
6502419553
6502469126
6502570052
6502603028
6502604437
6502419553
6502419553
6502419553
6502419553
6502419553
6502469126
6502469126
6502469126
6502469126
6502469126
6502570052
6502570052
6502570052
6502570052
6502570052
6502603028
6502603028
6502603028
6502603028
6502603028
6502604437
6502604437
6502604437
6502604437
6502604437
6512430653
6512430796
6512430992
6512431077
6512431273
6512430653
6512430653
6512430653
6512430653
6512430653
6512430796
6512430796
6512430796
6512430796
6512430796
6512430992
6512430992
6512430992
6512430992
6512430992
6512431077
6512431077
6512431077
6512431077
6512431077
6512431273
6512431273
6512431273
6512431273
6512431273
6572005201
6572008083
6572008177
6572008448
6572008583
6572005201
6572005201
6572005201
6572005201
6572005201
6572008083
6572008083
6572008083
6572008083
6572008083
6572008177
6572008177
6572008177
6572008177
6572008177
6572008448
6572008448
6572008448
6572008448
6572008448
6572008583
6572008583
6572008583
6572008583
6572008583
6602251383
6602430472
6608511437
6608511443
6608511445
6602251383
6602251383
6602251383
6602251383
6602251383
6602430472
6602430472
6602430472
6602430472
6602430472
6608511437
6608511437
6608511437
6608511437
6608511437
6608511443
6608511443
6608511443
6608511443
6608511443
6608511445
6608511445
6608511445
6608511445
6608511445
6612629671
6612629674
6612706475
6612706493
6612706524
6612629671
6612629671
6612629671
6612629671
6612629671
6612629674
6612629674
6612629674
6612629674
6612629674
6612706475
6612706475
6612706475
6612706475
6612706475
6612706493
6612706493
6612706493
6612706493
6612706493
6612706524
6612706524
6612706524
6612706524
6612706524
6622285543
6622430351
6622633790
6622633798
6622633805
6622285543
6622285543
6622285543
6622285543
6622285543
6622430351
6622430351
6622430351
6622430351
6622430351
6622633790
6622633790
6622633790
6622633790
6622633790
6622633798
6622633798
6622633798
6622633798
6622633798
6622633805
6622633805
6622633805
6622633805
6622633805
6672195074
6672195076
6672195077
6672195078
6672195079
6672195074
6672195074
6672195074
6672195074
6672195074
6672195076
6672195076
6672195076
6672195076
6672195076
6672195077
6672195077
6672195077
6672195077
6672195077
6672195078
6672195078
6672195078
6672195078
6672195078
6672195079
6672195079
6672195079
6672195079
6672195079
6692009447
6692009548
6692009678
6692213426
6692213429
6692009447
6692009447
6692009447
6692009447
6692009447
6692009548
6692009548
6692009548
6692009548
6692009548
6692009678
6692009678
6692009678
6692009678
6692009678
6692213426
6692213426
6692213426
6692213426
6692213426
6692213429
6692213429
6692213429
6692213429
6692213429
6782429695
6782504360
6782506560
6783066245
6783103497
6782429695
6782429695
6782429695
6782429695
6782429695
6782504360
6782504360
6782504360
6782504360
6782504360
6782506560
6782506560
6782506560
6782506560
6782506560
6783066245
6783066245
6783066245
6783066245
6783066245
6783103497
6783103497
6783103497
6783103497
6783103497
6812079137
6812140934
6812141543
6812145441
6812145486
6812079137
6812079137
6812079137
6812079137
6812079137
6812140934
6812140934
6812140934
6812140934
6812140934
6812141543
6812141543
6812141543
6812141543
6812141543
6812145441
6812145441
6812145441
6812145441
6812145441
6812145486
6812145486
6812145486
6812145486
6812145486
6822006009
6822006178
6822143471
6822147938
6822148149
6822006009
6822006009
6822006009
6822006009
6822006009
6822006178
6822006178
6822006178
6822006178
6822006178
6822143471
6822143471
6822143471
6822143471
6822143471
6822147938
6822147938
6822147938
6822147938
6822147938
6822148149
6822148149
6822148149
6822148149
6822148149
7013471621
7013530149
7013543768
7013543827
7013543847
7013471621
7013471621
7013471621
7013471621
7013471621
7013530149
7013530149
7013530149
7013530149
7013530149
7013543768
7013543768
7013543768
7013543768
7013543768
7013543827
7013543827
7013543827
7013543827
7013543827
7013543847
7013543847
7013543847
7013543847
7013543847
7022918043
7024756796
7024839069
7025187090
7025271762
7022918043
7022918043
7022918043
7022918043
7022918043
7024756796
7024756796
7024756796
7024756796
7024756796
7024839069
7024839069
7024839069
7024839069
7024839069
7025187090
7025187090
7025187090
7025187090
7025187090
7025271762
7025271762
7025271762
7025271762
7025271762
7032614757
7032914215
7034930026
7035965424
7036343053
7032614757
7032614757
7032614757
7032614757
7032614757
7032914215
7032914215
7032914215
7032914215
7032914215
7034930026
7034930026
7034930026
7034930026
7034930026
7035965424
7035965424
7035965424
7035965424
7035965424
7036343053
7036343053
7036343053
7036343053
7036343053
7042689049
7042689097
7043138360
7043138838
7043890361
7042689049
7042689049
7042689049
7042689049
7042689049
7042689097
7042689097
7042689097
7042689097
7042689097
7043138360
7043138360
7043138360
7043138360
7043138360
7043138838
7043138838
7043138838
7043138838
7043138838
7043890361
7043890361
7043890361
7043890361
7043890361
7062049082
7062259158
7062259331
7062500375
7062500796
7062049082
7062049082
7062049082
7062049082
7062049082
7062259158
7062259158
7062259158
7062259158
7062259158
7062259331
7062259331
7062259331
7062259331
7062259331
7062500375
7062500375
7062500375
7062500375
7062500375
7062500796
7062500796
7062500796
7062500796
7062500796
7072001336
7072196361
7072382076
7072433197
7072475558
7072001336
7072001336
7072001336
7072001336
7072001336
7072196361
7072196361
7072196361
7072196361
7072196361
7072382076
7072382076
7072382076
7072382076
7072382076
7072433197
7072433197
7072433197
7072433197
7072433197
7072475558
7072475558
7072475558
7072475558
7072475558
7083038143
7083038715
7083043070
7083168449
7083201131
7083038143
7083038143
7083038143
7083038143
7083038143
7083038715
7083038715
7083038715
7083038715
7083038715
7083043070
7083043070
7083043070
7083043070
7083043070
7083168449
7083168449
7083168449
7083168449
7083168449
7083201131
7083201131
7083201131
7083201131
7083201131
7143126608
7143869423
7143869575
7143886541
7144063886
7143126608
7143126608
7143126608
7143126608
7143126608
7143869423
7143869423
7143869423
7143869423
7143869423
7143869575
7143869575
7143869575
7143869575
7143869575
7143886541
7143886541
7143886541
7143886541
7143886541
7144063886
7144063886
7144063886
7144063886
7144063886
7152019255
7152550588
7152567834
7153010190
7155030524
7152019255
7152019255
7152019255
7152019255
7152019255
7152550588
7152550588
7152550588
7152550588
7152550588
7152567834
7152567834
7152567834
7152567834
7152567834
7153010190
7153010190
7153010190
7153010190
7153010190
7155030524
7155030524
7155030524
7155030524
7155030524
7162028827
7162170398
7162189276
7162210168
7162220478
7162028827
7162028827
7162028827
7162028827
7162028827
7162170398
7162170398
7162170398
7162170398
7162170398
7162189276
7162189276
7162189276
7162189276
7162189276
7162210168
7162210168
7162210168
7162210168
7162210168
7162220478
7162220478
7162220478
7162220478
7162220478
7172887542
7173088220
7173478197
7173478357
7173478363
7172887542
7172887542
7172887542
7172887542
7172887542
7173088220
7173088220
7173088220
7173088220
7173088220
7173478197
7173478197
7173478197
7173478197
7173478197
7173478357
7173478357
7173478357
7173478357
7173478357
7173478363
7173478363
7173478363
7173478363
7173478363
7192043475
7192043549
7192045095
7192701910
7192831645
7192043475
7192043475
7192043475
7192043475
7192043475
7192043549
7192043549
7192043549
7192043549
7192043549
7192045095
7192045095
7192045095
7192045095
7192045095
7192701910
7192701910
7192701910
7192701910
7192701910
7192831645
7192831645
7192831645
7192831645
7192831645
7202514578
7202631252
7202637258
7202829799
7202957564
7202514578
7202514578
7202514578
7202514578
7202514578
7202631252
7202631252
7202631252
7202631252
7202631252
7202637258
7202637258
7202637258
7202637258
7202637258
7202829799
7202829799
7202829799
7202829799
7202829799
7202957564
7202957564
7202957564
7202957564
7202957564
7242011214
7242019201
7242094009
7242097042
7242097154
7242011214
7242011214
7242011214
7242011214
7242011214
7242019201
7242019201
7242019201
7242019201
7242019201
7242094009
7242094009
7242094009
7242094009
7242094009
7242097042
7242097042
7242097042
7242097042
7242097042
7242097154
7242097154
7242097154
7242097154
7242097154
7252220142
7252220230
7252221085
7252221150
7252221261
7252220142
7252220142
7252220142
7252220142
7252220142
7252220230
7252220230
7252220230
7252220230
7252220230
7252221085
7252221085
7252221085
7252221085
7252221085
7252221150
7252221150
7252221150
7252221150
7252221150
7252221261
7252221261
7252221261
7252221261
7252221261
7272097310
7272097421
7272281943
7272795228
7272795671
7272097310
7272097310
7272097310
7272097310
7272097310
7272097421
7272097421
7272097421
7272097421
7272097421
7272281943
7272281943
7272281943
7272281943
7272281943
7272795228
7272795228
7272795228
7272795228
7272795228
7272795671
7272795671
7272795671
7272795671
7272795671
7312131521
7312140635
7312143971
7312143983
7312143984
7312131521
7312131521
7312131521
7312131521
7312131521
7312140635
7312140635
7312140635
7312140635
7312140635
7312143971
7312143971
7312143971
7312143971
7312143971
7312143983
7312143983
7312143983
7312143983
7312143983
7312143984
7312143984
7312143984
7312143984
7312143984
7323052576
7323052623
7323052843
7323289241
7323289573
7323052576
7323052576
7323052576
7323052576
7323052576
7323052623
7323052623
7323052623
7323052623
7323052623
7323052843
7323052843
7323052843
7323052843
7323052843
7323289241
7323289241
7323289241
7323289241
7323289241
7323289573
7323289573
7323289573
7323289573
7323289573
7342157439
7342242058
7342243701
7342243829
7342244058
7342157439
7342157439
7342157439
7342157439
7342157439
7342242058
7342242058
7342242058
7342242058
7342242058
7342243701
7342243701
7342243701
7342243701
7342243701
7342243829
7342243829
7342243829
7342243829
7342243829
7342244058
7342244058
7342244058
7342244058
7342244058
7378082315
7378082431
7378082443
7378082450
7378082451
7378082315
7378082315
7378082315
7378082315
7378082315
7378082431
7378082431
7378082431
7378082431
7378082431
7378082443
7378082443
7378082443
7378082443
7378082443
7378082450
7378082450
7378082450
7378082450
7378082450
7378082451
7378082451
7378082451
7378082451
7378082451
7402069582
7402069763
7402146224
7402146855
7402299044
7402069582
7402069582
7402069582
7402069582
7402069582
7402069763
7402069763
7402069763
7402069763
7402069763
7402146224
7402146224
7402146224
7402146224
7402146224
7402146855
7402146855
7402146855
7402146855
7402146855
7402299044
7402299044
7402299044
7402299044
7402299044
7472001348
7472005124
7472005182
7472005267
7472022275
7472001348
7472001348
7472001348
7472001348
7472001348
7472005124
7472005124
7472005124
7472005124
7472005124
7472005182
7472005182
7472005182
7472005182
7472005182
7472005267
7472005267
7472005267
7472005267
7472005267
7472022275
7472022275
7472022275
7472022275
7472022275
7542177133
7542177134
7542177156
7542177160
7542177173
7542177133
7542177133
7542177133
7542177133
7542177133
7542177134
7542177134
7542177134
7542177134
7542177134
7542177156
7542177156
7542177156
7542177156
7542177156
7542177160
7542177160
7542177160
7542177160
7542177160
7542177173
7542177173
7542177173
7542177173
7542177173
7572558447
7572763029
7572958343
7572960457
7573461099
7572558447
7572558447
7572558447
7572558447
7572558447
7572763029
7572763029
7572763029
7572763029
7572763029
7572958343
7572958343
7572958343
7572958343
7572958343
7572960457
7572960457
7572960457
7572960457
7572960457
7573461099
7573461099
7573461099
7573461099
7573461099
7602399246
7602781369
7602781396
7602781523
7603016197
7602399246
7602399246
7602399246
7602399246
7602399246
7602781369
7602781369
7602781369
7602781369
7602781369
7602781396
7602781396
7602781396
7602781396
7602781396
7602781523
7602781523
7602781523
7602781523
7602781523
7603016197
7603016197
7603016197
7603016197
7603016197
7622183522
7622183569
7622183601
7622183602
7622183604
7622183522
7622183522
7622183522
7622183522
7622183522
7622183569
7622183569
7622183569
7622183569
7622183569
7622183601
7622183601
7622183601
7622183601
7622183601
7622183602
7622183602
7622183602
7622183602
7622183602
7622183604
7622183604
7622183604
7622183604
7622183604
7633074129
7633074218
7633074268
7633074279
7633074293
7633074129
7633074129
7633074129
7633074129
7633074129
7633074218
7633074218
7633074218
7633074218
7633074218
7633074268
7633074268
7633074268
7633074268
7633074268
7633074279
7633074279
7633074279
7633074279
7633074279
7633074293
7633074293
7633074293
7633074293
7633074293
7652031356
7652031537
7652039234
7652165277
7652315379
7652031356
7652031356
7652031356
7652031356
7652031356
7652031537
7652031537
7652031537
7652031537
7652031537
7652039234
7652039234
7652039234
7652039234
7652039234
7652165277
7652165277
7652165277
7652165277
7652165277
7652315379
7652315379
7652315379
7652315379
7652315379
7692061878
7692083744
7692083745
7692083749
7692083750
7692061878
7692061878
7692061878
7692061878
7692061878
7692083744
7692083744
7692083744
7692083744
7692083744
7692083745
7692083745
7692083745
7692083745
7692083745
7692083749
7692083749
7692083749
7692083749
7692083749
7692083750
7692083750
7692083750
7692083750
7692083750
7703767186
7703767579
7704059098
7706097126
7706485429
7703767186
7703767186
7703767186
7703767186
7703767186
7703767579
7703767579
7703767579
7703767579
7703767579
7704059098
7704059098
7704059098
7704059098
7704059098
7706097126
7706097126
7706097126
7706097126
7706097126
7706485429
7706485429
7706485429
7706485429
7706485429
7722089571
7722089578
7722089582
7722089583
7722089584
7722089571
7722089571
7722089571
7722089571
7722089571
7722089578
7722089578
7722089578
7722089578
7722089578
7722089582
7722089582
7722089582
7722089582
7722089582
7722089583
7722089583
7722089583
7722089583
7722089583
7722089584
7722089584
7722089584
7722089584
7722089584
7732342396
7732344893
7732345103
7732347239
7732427530
7732342396
7732342396
7732342396
7732342396
7732342396
7732344893
7732344893
7732344893
7732344893
7732344893
7732345103
7732345103
7732345103
7732345103
7732345103
7732347239
7732347239
7732347239
7732347239
7732347239
7732427530
7732427530
7732427530
7732427530
7732427530
7742029049
7742029253
7742029557
7742051963
7742092905
7742029049
7742029049
7742029049
7742029049
7742029049
7742029253
7742029253
7742029253
7742029253
7742029253
7742029557
7742029557
7742029557
7742029557
7742029557
7742051963
7742051963
7742051963
7742051963
7742051963
7742092905
7742092905
7742092905
7742092905
7742092905
7752342068
7752348254
7752352253
7752356796
7752358633
7752342068
7752342068
7752342068
7752342068
7752342068
7752348254
7752348254
7752348254
7752348254
7752348254
7752352253
7752352253
7752352253
7752352253
7752352253
7752356796
7752356796
7752356796
7752356796
7752356796
7752358633
7752358633
7752358633
7752358633
7752358633
7792200360
7792200427
7792200435
7792200451
7792200454
7792200360
7792200360
7792200360
7792200360
7792200360
7792200427
7792200427
7792200427
7792200427
7792200427
7792200435
7792200435
7792200435
7792200435
7792200435
7792200451
7792200451
7792200451
7792200451
7792200451
7792200454
7792200454
7792200454
7792200454
7792200454
7812054274
7812059381
7812691094
7812691335
7812691460
7812054274
7812054274
7812054274
7812054274
7812054274
7812059381
7812059381
7812059381
7812059381
7812059381
7812691094
7812691094
7812691094
7812691094
7812691094
7812691335
7812691335
7812691335
7812691335
7812691335
7812691460
7812691460
7812691460
7812691460
7812691460
7852560240
7852600049
7853305118
7853370708
7853703408
7852560240
7852560240
7852560240
7852560240
7852560240
7852600049
7852600049
7852600049
7852600049
7852600049
7853305118
7853305118
7853305118
7853305118
7853305118
7853370708
7853370708
7853370708
7853370708
7853370708
7853703408
7853703408
7853703408
7853703408
7853703408
7864083584
7864531396
7865046877
7865050231
7865050852
7864083584
7864083584
7864083584
7864083584
7864083584
7864531396
7864531396
7864531396
7864531396
7864531396
7865046877
7865046877
7865046877
7865046877
7865046877
7865050231
7865050231
7865050231
7865050231
7865050231
7865050852
7865050852
7865050852
7865050852
7865050852
8012525409
8012525482
8012525957
8012526027
8012526028
8012525409
8012525409
8012525409
8012525409
8012525409
8012525482
8012525482
8012525482
8012525482
8012525482
8012525957
8012525957
8012525957
8012525957
8012525957
8012526027
8012526027
8012526027
8012526027
8012526027
8012526028
8012526028
8012526028
8012526028
8012526028
8022272395
8022307786
8022322690
8022341194
8022341506
8022272395
8022272395
8022272395
8022272395
8022272395
8022307786
8022307786
8022307786
8022307786
8022307786
8022322690
8022322690
8022322690
8022322690
8022322690
8022341194
8022341194
8022341194
8022341194
8022341194
8022341506
8022341506
8022341506
8022341506
8022341506
8032201821
8032210060
8032267848
8032811302
8032811354
8032201821
8032201821
8032201821
8032201821
8032201821
8032210060
8032210060
8032210060
8032210060
8032210060
8032267848
8032267848
8032267848
8032267848
8032267848
8032811302
8032811302
8032811302
8032811302
8032811302
8032811354
8032811354
8032811354
8032811354
8032811354
8042146742
8042232650
8042505881
8042505894
8042506021
8042146742
8042146742
8042146742
8042146742
8042146742
8042232650
8042232650
8042232650
8042232650
8042232650
8042505881
8042505881
8042505881
8042505881
8042505881
8042505894
8042505894
8042505894
8042505894
8042505894
8042506021
8042506021
8042506021
8042506021
8042506021
8052030845
8052036005
8052036006
8052036625
8052036918
8052030845
8052030845
8052030845
8052030845
8052030845
8052036005
8052036005
8052036005
8052036005
8052036005
8052036006
8052036006
8052036006
8052036006
8052036006
8052036625
8052036625
8052036625
8052036625
8052036625
8052036918
8052036918
8052036918
8052036918
8052036918
8063195338
8063370765
8063372954
8063400023
8063419298
8063195338
8063195338
8063195338
8063195338
8063195338
8063370765
8063370765
8063370765
8063370765
8063370765
8063372954
8063372954
8063372954
8063372954
8063372954
8063400023
8063400023
8063400023
8063400023
8063400023
8063419298
8063419298
8063419298
8063419298
8063419298
8102014722
8102075651
8102790196
8102790204
8102790229
8102014722
8102014722
8102014722
8102014722
8102014722
8102075651
8102075651
8102075651
8102075651
8102075651
8102790196
8102790196
8102790196
8102790196
8102790196
8102790204
8102790204
8102790204
8102790204
8102790204
8102790229
8102790229
8102790229
8102790229
8102790229
8122000564
8122006171
8122145542
8122508316
8122509073
8122000564
8122000564
8122000564
8122000564
8122000564
8122006171
8122006171
8122006171
8122006171
8122006171
8122145542
8122145542
8122145542
8122145542
8122145542
8122508316
8122508316
8122508316
8122508316
8122508316
8122509073
8122509073
8122509073
8122509073
8122509073
8132520690
8134210648
8134214563
8134340139
8134448978
8132520690
8132520690
8132520690
8132520690
8132520690
8134210648
8134210648
8134210648
8134210648
8134210648
8134214563
8134214563
8134214563
8134214563
8134214563
8134340139
8134340139
8134340139
8134340139
8134340139
8134448978
8134448978
8134448978
8134448978
8134448978
8142017094
8142834641
8142835551
8142907172
8142907331
8142017094
8142017094
8142017094
8142017094
8142017094
8142834641
8142834641
8142834641
8142834641
8142834641
8142835551
8142835551
8142835551
8142835551
8142835551
8142907172
8142907172
8142907172
8142907172
8142907172
8142907331
8142907331
8142907331
8142907331
8142907331
8152900671
8152900677
8152900746
8152900860
8152909034
8152900671
8152900671
8152900671
8152900671
8152900671
8152900677
8152900677
8152900677
8152900677
8152900677
8152900746
8152900746
8152900746
8152900746
8152900746
8152900860
8152900860
8152900860
8152900860
8152900860
8152909034
8152909034
8152909034
8152909034
8152909034
8162864385
8162870697
8162871355
8162871462
8162871608
8162864385
8162864385
8162864385
8162864385
8162864385
8162870697
8162870697
8162870697
8162870697
8162870697
8162871355
8162871355
8162871355
8162871355
8162871355
8162871462
8162871462
8162871462
8162871462
8162871462
8162871608
8162871608
8162871608
8162871608
8162871608
8173309893
8173492593
8173821420
8173828620
8173828964
8173309893
8173309893
8173309893
8173309893
8173309893
8173492593
8173492593
8173492593
8173492593
8173492593
8173821420
8173821420
8173821420
8173821420
8173821420
8173828620
8173828620
8173828620
8173828620
8173828620
8173828964
8173828964
8173828964
8173828964
8173828964
8182351508
8182539208
8182549482
8182549562
8182549709
8182351508
8182351508
8182351508
8182351508
8182351508
8182539208
8182539208
8182539208
8182539208
8182539208
8182549482
8182549482
8182549482
8182549482
8182549482
8182549562
8182549562
8182549562
8182549562
8182549562
8182549709
8182549709
8182549709
8182549709
8182549709
8282029139
8282145289
8282372346
8282372479
8282372548
8282029139
8282029139
8282029139
8282029139
8282029139
8282145289
8282145289
8282145289
8282145289
8282145289
8282372346
8282372346
8282372346
8282372346
8282372346
8282372479
8282372479
8282372479
8282372479
8282372479
8282372548
8282372548
8282372548
8282372548
8282372548
8302997399
8303087137
8303919592
8303919614
8303919745
8302997399
8302997399
8302997399
8302997399
8302997399
8303087137
8303087137
8303087137
8303087137
8303087137
8303919592
8303919592
8303919592
8303919592
8303919592
8303919614
8303919614
8303919614
8303919614
8303919614
8303919745
8303919745
8303919745
8303919745
8303919745
8312048120
8312053245
8312053271
8312053279
8312054836
8312048120
8312048120
8312048120
8312048120
8312048120
8312053245
8312053245
8312053245
8312053245
8312053245
8312053271
8312053271
8312053271
8312053271
8312053271
8312053279
8312053279
8312053279
8312053279
8312053279
8312054836
8312054836
8312054836
8312054836
8312054836
8322103984
8322246040
8322246185
8322246259
8322631561
8322103984
8322103984
8322103984
8322103984
8322103984
8322246040
8322246040
8322246040
8322246040
8322246040
8322246185
8322246185
8322246185
8322246185
8322246185
8322246259
8322246259
8322246259
8322246259
8322246259
8322631561
8322631561
8322631561
8322631561
8322631561
8432566779
8434103312
8434710511
8435642153
8435803725
8432566779
8432566779
8432566779
8432566779
8432566779
8434103312
8434103312
8434103312
8434103312
8434103312
8434710511
8434710511
8434710511
8434710511
8434710511
8435642153
8435642153
8435642153
8435642153
8435642153
8435803725
8435803725
8435803725
8435803725
8435803725
8452048150
8452372507
8452437902
8452437913
8452437948
8452048150
8452048150
8452048150
8452048150
8452048150
8452372507
8452372507
8452372507
8452372507
8452372507
8452437902
8452437902
8452437902
8452437902
8452437902
8452437913
8452437913
8452437913
8452437913
8452437913
8452437948
8452437948
8452437948
8452437948
8452437948
8472204570
8472208103
8472208582
8472421045
8472421632
8472204570
8472204570
8472204570
8472204570
8472204570
8472208103
8472208103
8472208103
8472208103
8472208103
8472208582
8472208582
8472208582
8472208582
8472208582
8472421045
8472421045
8472421045
8472421045
8472421045
8472421632
8472421632
8472421632
8472421632
8472421632
8482024958
8482091053
8482161347
8482161361
8482161491
8482024958
8482024958
8482024958
8482024958
8482024958
8482091053
8482091053
8482091053
8482091053
8482091053
8482161347
8482161347
8482161347
8482161347
8482161347
8482161361
8482161361
8482161361
8482161361
8482161361
8482161491
8482161491
8482161491
8482161491
8482161491
8502030166
8502707215
8502707507
8502708542
8502902176
8502030166
8502030166
8502030166
8502030166
8502030166
8502707215
8502707215
8502707215
8502707215
8502707215
8502707507
8502707507
8502707507
8502707507
8502707507
8502708542
8502708542
8502708542
8502708542
8502708542
8502902176
8502902176
8502902176
8502902176
8502902176
8562087413
8562087492
8562087694
8562093910
8562094405
8562087413
8562087413
8562087413
8562087413
8562087413
8562087492
8562087492
8562087492
8562087492
8562087492
8562087694
8562087694
8562087694
8562087694
8562087694
8562093910
8562093910
8562093910
8562093910
8562093910
8562094405
8562094405
8562094405
8562094405
8562094405
8572012139
8572012310
8572030289
8572030653
8572030819
8572012139
8572012139
8572012139
8572012139
8572012139
8572012310
8572012310
8572012310
8572012310
8572012310
8572030289
8572030289
8572030289
8572030289
8572030289
8572030653
8572030653
8572030653
8572030653
8572030653
8572030819
8572030819
8572030819
8572030819
8572030819
8582152546
8582186828
8582472452
8582550189
8582550586
8582152546
8582152546
8582152546
8582152546
8582152546
8582186828
8582186828
8582186828
8582186828
8582186828
8582472452
8582472452
8582472452
8582472452
8582472452
8582550189
8582550189
8582550189
8582550189
8582550189
8582550586
8582550586
8582550586
8582550586
8582550586
8592872847
8592874333
8593340377
8593596349
8593635851
8592872847
8592872847
8592872847
8592872847
8592872847
8592874333
8592874333
8592874333
8592874333
8592874333
8593340377
8593340377
8593340377
8593340377
8593340377
8593596349
8593596349
8593596349
8593596349
8593596349
8593635851
8593635851
8593635851
8593635851
8593635851
8602519812
8602645676
8602811663
8602920531
8602920538
8602519812
8602519812
8602519812
8602519812
8602519812
8602645676
8602645676
8602645676
8602645676
8602645676
8602811663
8602811663
8602811663
8602811663
8602811663
8602920531
8602920531
8602920531
8602920531
8602920531
8602920538
8602920538
8602920538
8602920538
8602920538
8622066127
8622174041
8622174292
8622174719
8622174947
8622066127
8622066127
8622066127
8622066127
8622066127
8622174041
8622174041
8622174041
8622174041
8622174041
8622174292
8622174292
8622174292
8622174292
8622174292
8622174719
8622174719
8622174719
8622174719
8622174719
8622174947
8622174947
8622174947
8622174947
8622174947
8632168724
8632252763
8632252927
8632253170
8632253197
8632168724
8632168724
8632168724
8632168724
8632168724
8632252763
8632252763
8632252763
8632252763
8632252763
8632252927
8632252927
8632252927
8632252927
8632252927
8632253170
8632253170
8632253170
8632253170
8632253170
8632253197
8632253197
8632253197
8632253197
8632253197
8642515986
8642561922
8643589865
8643620326
8643620331
8642515986
8642515986
8642515986
8642515986
8642515986
8642561922
8642561922
8642561922
8642561922
8642561922
8643589865
8643589865
8643589865
8643589865
8643589865
8643620326
8643620326
8643620326
8643620326
8643620326
8643620331
8643620331
8643620331
8643620331
8643620331
8652269841
8652340215
8652340232
8652340267
8652340283
8652269841
8652269841
8652269841
8652269841
8652269841
8652340215
8652340215
8652340215
8652340215
8652340215
8652340232
8652340232
8652340232
8652340232
8652340232
8652340267
8652340267
8652340267
8652340267
8652340267
8652340283
8652340283
8652340283
8652340283
8652340283
8722055804
8722055854
8722055910
8722056237
8722056447
8722055804
8722055804
8722055804
8722055804
8722055804
8722055854
8722055854
8722055854
8722055854
8722055854
8722055910
8722055910
8722055910
8722055910
8722055910
8722056237
8722056237
8722056237
8722056237
8722056237
8722056447
8722056447
8722056447
8722056447
8722056447
8782014050
8782220127
8782220454
8784440417
8784440521
8782014050
8782014050
8782014050
8782014050
8782014050
8782220127
8782220127
8782220127
8782220127
8782220127
8782220454
8782220454
8782220454
8782220454
8782220454
8784440417
8784440417
8784440417
8784440417
8784440417
8784440521
8784440521
8784440521
8784440521
8784440521
9012579458
9012908735
9013006634
9013167874
9013521856
9012579458
9012579458
9012579458
9012579458
9012579458
9012908735
9012908735
9012908735
9012908735
9012908735
9013006634
9013006634
9013006634
9013006634
9013006634
9013167874
9013167874
9013167874
9013167874
9013167874
9013521856
9013521856
9013521856
9013521856
9013521856
9032135186
9032135199
9032135472
9032135853
9032245913
9032135186
9032135186
9032135186
9032135186
9032135186
9032135199
9032135199
9032135199
9032135199
9032135199
9032135472
9032135472
9032135472
9032135472
9032135472
9032135853
9032135853
9032135853
9032135853
9032135853
9032245913
9032245913
9032245913
9032245913
9032245913
9042742083
9042742602
9042743501
9042901023
9042901518
9042742083
9042742083
9042742083
9042742083
9042742083
9042742602
9042742602
9042742602
9042742602
9042742602
9042743501
9042743501
9042743501
9042743501
9042743501
9042901023
9042901023
9042901023
9042901023
9042901023
9042901518
9042901518
9042901518
9042901518
9042901518
9083121284
9083121291
9083121295
9083121296
9083121297
9083121284
9083121284
9083121284
9083121284
9083121284
9083121291
9083121291
9083121291
9083121291
9083121291
9083121295
9083121295
9083121295
9083121295
9083121295
9083121296
9083121296
9083121296
9083121296
9083121296
9083121297
9083121297
9083121297
9083121297
9083121297
9092484219
9092484702
9092546086
9092551346
9092551732
9092484219
9092484219
9092484219
9092484219
9092484219
9092484702
9092484702
9092484702
9092484702
9092484702
9092546086
9092546086
9092546086
9092546086
9092546086
9092551346
9092551346
9092551346
9092551346
9092551346
9092551732
9092551732
9092551732
9092551732
9092551732
9102404918
9102499028
9102499105
9102929390
9102929814
9102404918
9102404918
9102404918
9102404918
9102404918
9102499028
9102499028
9102499028
9102499028
9102499028
9102499105
9102499105
9102499105
9102499105
9102499105
9102929390
9102929390
9102929390
9102929390
9102929390
9102929814
9102929814
9102929814
9102929814
9102929814
9122160659
9123420113
9123769584
9123769975
9123881609
9122160659
9122160659
9122160659
9122160659
9122160659
9123420113
9123420113
9123420113
9123420113
9123420113
9123769584
9123769584
9123769584
9123769584
9123769584
9123769975
9123769975
9123769975
9123769975
9123769975
9123881609
9123881609
9123881609
9123881609
9123881609
9132040306
9132101842
9132141860
9132282509
9132594653
9132040306
9132040306
9132040306
9132040306
9132040306
9132101842
9132101842
9132101842
9132101842
9132101842
9132141860
9132141860
9132141860
9132141860
9132141860
9132282509
9132282509
9132282509
9132282509
9132282509
9132594653
9132594653
9132594653
9132594653
9132594653
9142004387
9142223478
9142360857
9142360948
9142661519
9142004387
9142004387
9142004387
9142004387
9142004387
9142223478
9142223478
9142223478
9142223478
9142223478
9142360857
9142360857
9142360857
9142360857
9142360857
9142360948
9142360948
9142360948
9142360948
9142360948
9142661519
9142661519
9142661519
9142661519
9142661519
9152091003
9152095069
9152670317
9152670383
9152670409
9152091003
9152091003
9152091003
9152091003
9152091003
9152095069
9152095069
9152095069
9152095069
9152095069
9152670317
9152670317
9152670317
9152670317
9152670317
9152670383
9152670383
9152670383
9152670383
9152670383
9152670409
9152670409
9152670409
9152670409
9152670409
9162388399
9162388413
9162388503
9162435538
9162585530
9162388399
9162388399
9162388399
9162388399
9162388399
9162388413
9162388413
9162388413
9162388413
9162388413
9162388503
9162388503
9162388503
9162388503
9162388503
9162435538
9162435538
9162435538
9162435538
9162435538
9162585530
9162585530
9162585530
9162585530
9162585530
9183739382
9183739406
9183739412
9183739413
9183739423
9183739382
9183739382
9183739382
9183739382
9183739382
9183739406
9183739406
9183739406
9183739406
9183739406
9183739412
9183739412
9183739412
9183739412
9183739412
9183739413
9183739413
9183739413
9183739413
9183739413
9183739423
9183739423
9183739423
9183739423
9183739423
9192058392
9192288835
9192299174
9192299520
9192750659
9192058392
9192058392
9192058392
9192058392
9192058392
9192288835
9192288835
9192288835
9192288835
9192288835
9192299174
9192299174
9192299174
9192299174
9192299174
9192299520
9192299520
9192299520
9192299520
9192299520
9192750659
9192750659
9192750659
9192750659
9192750659
9202152322
9202398174
9202398508
9202398557
9202398578
9202152322
9202152322
9202152322
9202152322
9202152322
9202398174
9202398174
9202398174
9202398174
9202398174
9202398508
9202398508
9202398508
9202398508
9202398508
9202398557
9202398557
9202398557
9202398557
9202398557
9202398578
9202398578
9202398578
9202398578
9202398578
9252389361
9252389632
9252478218
9252478345
9252478471
9252389361
9252389361
9252389361
9252389361
9252389361
9252389632
9252389632
9252389632
9252389632
9252389632
9252478218
9252478218
9252478218
9252478218
9252478218
9252478345
9252478345
9252478345
9252478345
9252478345
9252478471
9252478471
9252478471
9252478471
9252478471
9283511020
9283511044
9283511416
9283517020
9283517033
9283511020
9283511020
9283511020
9283511020
9283511020
9283511044
9283511044
9283511044
9283511044
9283511044
9283511416
9283511416
9283511416
9283511416
9283511416
9283517020
9283517020
9283517020
9283517020
9283517020
9283517033
9283517033
9283517033
9283517033
9283517033
9292440215
9292443905
9292449425
9292490980
9292491397
9292440215
9292440215
9292440215
9292440215
9292440215
9292443905
9292443905
9292443905
9292443905
9292443905
9292449425
9292449425
9292449425
9292449425
9292449425
9292490980
9292490980
9292490980
9292490980
9292490980
9292491397
9292491397
9292491397
9292491397
9292491397
9312307160
9312466708
9312469753
9312645265
9312699239
9312307160
9312307160
9312307160
9312307160
9312307160
9312466708
9312466708
9312466708
9312466708
9312466708
9312469753
9312469753
9312469753
9312469753
9312469753
9312645265
9312645265
9312645265
9312645265
9312645265
9312699239
9312699239
9312699239
9312699239
9312699239
9362130642
9362130674
9362289344
9363373208
9363441879
9362130642
9362130642
9362130642
9362130642
9362130642
9362130674
9362130674
9362130674
9362130674
9362130674
9362289344
9362289344
9362289344
9362289344
9362289344
9363373208
9363373208
9363373208
9363373208
9363373208
9363441879
9363441879
9363441879
9363441879
9363441879
9372650166
9372650778
9372658556
9372658683
9372658971
9372650166
9372650166
9372650166
9372650166
9372650166
9372650778
9372650778
9372650778
9372650778
9372650778
9372658556
9372658556
9372658556
9372658556
9372658556
9372658683
9372658683
9372658683
9372658683
9372658683
9372658971
9372658971
9372658971
9372658971
9372658971
9402029776
9402029843
9402209967
9402225829
9402417163
9402029776
9402029776
9402029776
9402029776
9402029776
9402029843
9402029843
9402029843
9402029843
9402029843
9402209967
9402209967
9402209967
9402209967
9402209967
9402225829
9402225829
9402225829
9402225829
9402225829
9402417163
9402417163
9402417163
9402417163
9402417163
9412000042
9412290906
9412370158
9412759189
9412759329
9412000042
9412000042
9412000042
9412000042
9412000042
9412290906
9412290906
9412290906
9412290906
9412290906
9412370158
9412370158
9412370158
9412370158
9412370158
9412759189
9412759189
9412759189
9412759189
9412759189
9412759329
9412759329
9412759329
9412759329
9412759329
9492291721
9492295947
9492429203
9492643357
9492648052
9492291721
9492291721
9492291721
9492291721
9492291721
9492295947
9492295947
9492295947
9492295947
9492295947
9492429203
9492429203
9492429203
9492429203
9492429203
9492643357
9492643357
9492643357
9492643357
9492643357
9492648052
9492648052
9492648052
9492648052
9492648052
9512156201
9512156274
9512235613
9512308517
9512680779
9512156201
9512156201
9512156201
9512156201
9512156201
9512156274
9512156274
9512156274
9512156274
9512156274
9512235613
9512235613
9512235613
9512235613
9512235613
9512308517
9512308517
9512308517
9512308517
9512308517
9512680779
9512680779
9512680779
9512680779
9512680779
9522228113
9524790502
9524910709
9524910849
9528560499
9522228113
9522228113
9522228113
9522228113
9522228113
9524790502
9524790502
9524790502
9524790502
9524790502
9524910709
9524910709
9524910709
9524910709
9524910709
9524910849
9524910849
9524910849
9524910849
9524910849
9528560499
9528560499
9528560499
9528560499
9528560499
9542283361
9542829555
9543669620
9543720197
9543727583
9542283361
9542283361
9542283361
9542283361
9542283361
9542829555
9542829555
9542829555
9542829555
9542829555
9543669620
9543669620
9543669620
9543669620
9543669620
9543720197
9543720197
9543720197
9543720197
9543720197
9543727583
9543727583
9543727583
9543727583
9543727583
9562547008
9562674892
9562679186
9562771718
9563208475
9562547008
9562547008
9562547008
9562547008
9562547008
9562674892
9562674892
9562674892
9562674892
9562674892
9562679186
9562679186
9562679186
9562679186
9562679186
9562771718
9562771718
9562771718
9562771718
9562771718
9563208475
9563208475
9563208475
9563208475
9563208475
9702391469
9702393042
9702817098
9702817145
9702817155
9702391469
9702391469
9702391469
9702391469
9702391469
9702393042
9702393042
9702393042
9702393042
9702393042
9702817098
9702817098
9702817098
9702817098
9702817098
9702817145
9702817145
9702817145
9702817145
9702817145
9702817155
9702817155
9702817155
9702817155
9702817155
9712029078
9712083189
9712085119
9712085530
9712087084
9712029078
9712029078
9712029078
9712029078
9712029078
9712083189
9712083189
9712083189
9712083189
9712083189
9712085119
9712085119
9712085119
9712085119
9712085119
9712085530
9712085530
9712085530
9712085530
9712085530
9712087084
9712087084
9712087084
9712087084
9712087084
9723256706
9723385260
9723797697
9723798128
9723798528
9723256706
9723256706
9723256706
9723256706
9723256706
9723385260
9723385260
9723385260
9723385260
9723385260
9723797697
9723797697
9723797697
9723797697
9723797697
9723798128
9723798128
9723798128
9723798128
9723798128
9723798528
9723798528
9723798528
9723798528
9723798528
9732596041
9733273365
9733462473
9733489840
9733527926
9732596041
9732596041
9732596041
9732596041
9732596041
9733273365
9733273365
9733273365
9733273365
9733273365
9733462473
9733462473
9733462473
9733462473
9733462473
9733489840
9733489840
9733489840
9733489840
9733489840
9733527926
9733527926
9733527926
9733527926
9733527926
9782061550
9782129984
9782188265
9782188449
9782194790
9782061550
9782061550
9782061550
9782061550
9782061550
9782129984
9782129984
9782129984
9782129984
9782129984
9782188265
9782188265
9782188265
9782188265
9782188265
9782188449
9782188449
9782188449
9782188449
9782188449
9782194790
9782194790
9782194790
9782194790
9782194790
9792581175
9793410360
9793410361
9793410366
9793410387
9792581175
9792581175
9792581175
9792581175
9792581175
9793410360
9793410360
9793410360
9793410360
9793410360
9793410361
9793410361
9793410361
9793410361
9793410361
9793410366
9793410366
9793410366
9793410366
9793410366
9793410387
9793410387
9793410387
9793410387
9793410387
9802060913
9802221004
9802242495
9802243207
9802311295
9802060913
9802060913
9802060913
9802060913
9802060913
9802221004
9802221004
9802221004
9802221004
9802221004
9802242495
9802242495
9802242495
9802242495
9802242495
9802243207
9802243207
9802243207
9802243207
9802243207
9802311295
9802311295
9802311295
9802311295
9802311295
9842010968
9842122484
9842123925
9842123945
9842123950
9842010968
9842010968
9842010968
9842010968
9842010968
9842122484
9842122484
9842122484
9842122484
9842122484
9842123925
9842123925
9842123925
9842123925
9842123925
9842123945
9842123945
9842123945
9842123945
9842123945
9842123950
9842123950
9842123950
9842123950
9842123950
9852245375
9852245376
9852245429
9852245457
9852245479
9852245375
9852245375
9852245375
9852245375
9852245375
9852245376
9852245376
9852245376
9852245376
9852245376
9852245429
9852245429
9852245429
9852245429
9852245429
9852245457
9852245457
9852245457
9852245457
9852245457
9852245479
9852245479
9852245479
9852245479
9852245479
9892493535
9892629828
9893123215
9893123335
9893123353
9892493535
9892493535
9892493535
9892493535
9892493535
9892629828
9892629828
9892629828
9892629828
9892629828
9893123215
9893123215
9893123215
9893123215
9893123215
9893123335
9893123335
9893123335
9893123335
9893123335
9893123353
9893123353
9893123353
9893123353
9893123353
